[0.00625   0.00625   0.0392625 0.5       0.05     ]
[ 0.00625    0.00625    0.0392625 -0.5        0.05     ]
[ 0.00625    0.00625    0.0392625  0.5       -0.05     ]
[ 0.00625    0.00625    0.0392625 -0.5       -0.05     ]
[ 0.00625    0.00625   -0.0392625  0.5        0.05     ]
[ 0.00625    0.00625   -0.0392625 -0.5        0.05     ]
[ 0.00625    0.00625   -0.0392625  0.5       -0.05     ]
[ 0.00625    0.00625   -0.0392625 -0.5       -0.05     ]
[ 0.00625   -0.00625    0.0392625  0.5        0.05     ]
[ 0.00625   -0.00625    0.0392625 -0.5        0.05     ]
[ 0.00625   -0.00625    0.0392625  0.5       -0.05     ]
[ 0.00625   -0.00625    0.0392625 -0.5       -0.05     ]
[ 0.00625   -0.00625   -0.0392625  0.5        0.05     ]
[ 0.00625   -0.00625   -0.0392625 -0.5        0.05     ]
[ 0.00625   -0.00625   -0.0392625  0.5       -0.05     ]
[ 0.00625   -0.00625   -0.0392625 -0.5       -0.05     ]
[-0.00625    0.00625    0.0392625  0.5        0.05     ]
[-0.00625    0.00625    0.0392625 -0.5        0.05     ]
[-0.00625    0.00625    0.0392625  0.5       -0.05     ]
[-0.00625    0.00625    0.0392625 -0.5       -0.05     ]
[-0.00625    0.00625   -0.0392625  0.5        0.05     ]
[-0.00625    0.00625   -0.0392625 -0.5        0.05     ]
[-0.00625    0.00625   -0.0392625  0.5       -0.05     ]
[-0.00625    0.00625   -0.0392625 -0.5       -0.05     ]
[-0.00625   -0.00625    0.0392625  0.5        0.05     ]
[-0.00625   -0.00625    0.0392625 -0.5        0.05     ]
[-0.00625   -0.00625    0.0392625  0.5       -0.05     ]
[-0.00625   -0.00625    0.0392625 -0.5       -0.05     ]
[-0.00625   -0.00625   -0.0392625  0.5        0.05     ]
[-0.00625   -0.00625   -0.0392625 -0.5        0.05     ]
[-0.00625   -0.00625   -0.0392625  0.5       -0.05     ]
[-0.00625   -0.00625   -0.0392625 -0.5       -0.05     ]
